Lobotes;0;1;0;0;0;0;0;0;0;0;0;0;0;0;0;0;0;0;0;0;0;0;0;0;0;0;0;0;0;0;0;0;0;0;1;1;0;0;0;0;0;0;0;1;0;0;0;0;0;0;0;0;0;0;0;0;1;1;1;1;0;0;0
Datnioides;0;1;0;0;0;0;0;0;0;0;0;0;0;0;0;0;0;0;0;0;0;0;0;0;0;0;0;0;0;0;0;0;0;0;0;1;0;0;0;0;0;0;0;1;0;0;0;0;0;0;0;0;0;0;0;0;?;1;1;1;0;0;0
Hapalogenys;0;1;0;0;0;0;0;0;0;0;0;0;0;0;0;0;0;0;0;0;0;0;0;0;0;0;0;0;0;0;0;1;1;1;1;0;0;0;0;0;0;0;0;1;0;0;0;0;0;0;0;0;0;0;0;0;1;1;1;1;0;0;0
Chaetodontidae;1;1;1;0;0;0;0;2;0;0;0;0;0;0;1;0;0;0;0;0;0;0;0;0;1;0;0;0;0;0;0;1;1;1;1;0;1;0;1;0;0;0;0;1;0;0;0;0;0;0;0;0;0;0;0;0;0;0;1;1;0;0;0
Pomacanthidae;1;0;1;0;0;0;0;1;0;0;0;0;0;0;0;0;0;0;0;0;0;0;0;0;0;0;0;0;0;0;0;0;0;1;1;0;1;0;0;0;0;0;0;0;0;1;1;0;0;0;0;0;0;1;0;0;0;0;0;0;0;0;0
Drepaneidae;1;1;1;0;0;0;0;2;0;0;0;0;0;0;0;0;0;0;0;0;0;0;0;0;1;0;0;0;0;0;0;0;0;0;0;1;1;0;0;0;0;0;0;1;0;0;0;0;0;0;0;0;0;0;0;0;0;0;0;1;0;0;0
Ephippidae;1;1;0;1;1;1;1;2;0;0;0;0;0;0;0;0;0;0;0;0;0;0;0;0;1;0;0;0;0;0;1;0;0;0;0;0;1;0;0;0;0;0;0;1;0;0;0;0;0;0;0;0;0;0;0;0;0;0;0;1;0;0;0
Leiognathidae;1;1;0;1;1;0;0;2;0;1;0;0;0;1;1;0;0;0;0;0;0;0;0;1;1;0;0;0;0;0;0;1;1;1;1;1;1;0;1;0;0;0;0;1;0;0;0;0;0;0;0;0;0;0;0;0;0;0;0;1;0;0;0
Scatophagidae;1;1;0;1;1;1;1;2;1;1;1;1;0;0;1;0;0;0;0;0;0;0;0;0;1;0;0;0;0;0;0;0;1;1;1;0;1;0;0;0;0;0;0;0;0;0;0;0;0;0;0;0;0;0;0;0;1;0;1;1;0;0;0
Antigonia;1;1;0;1;1;1;0;0;2;1;2;0;1;0;2;1;0;0;0;0;0;0;0;1;1;0;0;0;1;0;0;0;1;1;1;1;1;1;0;0;0;0;0;1;1;1;1;0;0;1;0;0;1;1;0;0;0;0;0;1;0;0;0
Capros;1;0;0;1;1;0;0;0;2;1;2;0;1;0;1;1;0;0;1;0;0;0;1;?;1;0;0;0;1;0;1;0;1;1;1;0;1;1;0;0;1;0;1;1;1;1;1;1;0;1;0;1;1;1;0;0;1;0;0;1;1;1;0
Siganidae;1;1;0;1;1;2;2;2;1;1;0;1;1;1;1;1;1;1;1;1;0;0;0;0;1;0;0;0;0;0;1;1;1;1;1;0;1;1;0;0;1;1;1;1;1;1;1;1;0;0;0;0;0;0;0;0;1;0;0;0;0;0;1
Luvaridae;1;1;0;0;0;1;2;2;2;1;1;0;1;1;2;1;1;1;1;0;1;1;1;1;0;0;1;0;1;1;0;1;1;1;1;1;1;0;0;0;0;1;1;1;1;1;1;0;1;1;1;1;1;1;0;0;1;0;0;0;1;0;0
Zanclidae;1;1;0;1;1;2;2;2;2;1;1;0;1;1;2;1;1;0;0;1;1;1;1;1;1;1;1;1;1;1;1;1;1;1;1;0;1;0;0;1;0;0;1;1;1;1;1;1;1;1;1;1;1;1;1;1;1;0;0;0;1;0;0
Acanthuridae;1;1;0;1;1;2;2;2;2;1;1;0;1;1;2;1;1;1;1;1;1;1;1;?;1;1;1;1;1;1;1;1;1;1;1;0;1;0;0;1;0;1;1;1;1;1;1;1;1;1;1;1;1;1;1;1;1;0;0;0;0;1;1